sort_128_8_index_simple_large
203.504
402.670
584.702
785.314
902.113
843.577
sort_256_8_index_simple_large
206.632
411.752
601.228
711.408
852.405
956.460
sort_128_8_key_simple_large
343.885
685.213
970.589
1042.272
1232.118
1400.561
sort_256_8_key_simple_large
348.413
669.671
887.880
977.992
1166.506
1359.670
sort_128_8_single_simple_large
203.100
400.261
576.148
778.139
870.988
810.105
sort_256_8_single_simple_large
206.120
408.463
593.368
702.830
836.882
939.687
sort_128_8_multi_2_simple_large
143.204
280.872
407.266
524.851
587.237
549.569
sort_256_8_multi_2_simple_large
145.156
287.084
419.738
554.170
659.988
706.678
sort_128_8_multi_3_simple_large
109.844
216.039
310.073
395.993
438.692
418.103
sort_256_8_multi_3_simple_large
111.731
221.259
322.606
427.056
503.324
536.391
sort_128_8_multi_4_simple_large
 89.290
174.778
249.759
317.937
350.299
329.101
sort_256_8_multi_4_simple_large
 90.918
179.881
261.912
345.242
402.076
426.156
sort_128_8_multi_5_simple_large
 74.741
146.548
210.527
264.463
290.058
275.012
sort_256_8_multi_5_simple_large
 76.351
151.115
220.689
288.799
337.088
355.968
sort_128_8_multi_6_simple_large
 64.539
126.533
180.952
227.050
246.795
235.036
sort_256_8_multi_6_simple_large
 66.044
130.766
190.482
248.466
287.583
304.056sort_128_8_index_simple_small
148.712
285.966
377.317
489.956
560.576
616.434
sort_256_8_index_simple_small
150.537
287.745
385.026
465.501
545.785
629.209
sort_128_8_key_simple_small
206.579
397.761
506.751
610.771
714.222
801.944
sort_256_8_key_simple_small
203.893
387.193
503.856
596.037
699.971
804.172
sort_128_8_single_simple_small
149.468
288.583
382.773
499.666
574.822
632.867
sort_256_8_single_simple_small
149.887
287.551
386.975
471.124
555.845
637.619
sort_128_8_multi_2_simple_small
113.647
222.556
300.183
396.703
457.275
488.154
sort_256_8_multi_2_simple_small
114.431
224.821
311.863
400.087
477.312
543.958
sort_128_8_multi_3_simple_small
 91.960
179.721
245.185
321.592
366.545
378.943
sort_256_8_multi_3_simple_small
 93.037
182.909
255.594
334.854
399.822
449.253
sort_128_8_multi_4_simple_small
 77.197
150.350
205.960
268.995
305.018
311.758
sort_256_8_multi_4_simple_small
 78.080
153.325
215.695
283.913
338.214
375.980
sort_128_8_multi_5_simple_small
 66.234
129.265
178.096
230.787
260.960
263.662
sort_256_8_multi_5_simple_small
 67.210
132.048
186.945
245.747
291.637
322.013
sort_128_8_multi_6_simple_small
 58.113
113.280
156.499
201.806
227.362
228.831
sort_256_8_multi_6_simple_small
 58.948
115.935
164.595
215.806
255.955
281.810